0 Sea Zone  (3029,2501)  (2865,2606)  (2835,2710)  (3061,2713)  (3171,2577)  | overflowToLeft=false
1 Sea Zone  (2120,2399)  (2184,2398)  (2245,2397)  (2307,2394)  (2373,2390)  | overflowToLeft=false
2 Sea Zone  (2005,2521)  (2065,2519)  (2005,2579)  (2067,2581)  (2129,2522)  (2129,2582)  (2006,2639)  (2067,2639)  (2131,2637)  | overflowToLeft=false
3 Sea Zone  (2060,2784)  (2126,2783)  (2191,2781)  (2257,2779)  (2321,2777)  (2388,2776)  (2457,2772)  (2523,2769)  (2589,2767)  (2305,2837)  (2377,2836)  (2563,2830)  | overflowToLeft=false
4 Sea Zone  (2691,2960)  (2707,3017)  (2587,3125)  (2771,3074)  (2628,2943)  (2687,2905)  (2759,2976)  | overflowToLeft=false
5 Sea Zone  (2367,3075)  (2101,3351)  (2155,3343)  (2207,3303)  (2033,3339)  (2251,3177)  (2223,3246)  | overflowToLeft=false
6 Sea Zone  (1921,3057)  (1901,3113)  (1891,3170)  (1885,3231)  (1827,3209)  (1905,2997)  (1951,3164)  (1982,2953)  (1995,3010)  (2055,2941)  (2127,2930)  (2193,2921)  | overflowToLeft=false
7 Sea Zone  (1361,3002)  (1423,3002)  (1489,3002)  (1363,3068)  (1426,3067)  (1491,3066)  (1391,3128)  (1462,3128)  (1526,3128)  (1394,3190)  (1464,3191)  (1531,3189)  (1410,3262)  (1475,3261)  (1448,3322)  (1600,3186)  (1662,3186)  (1668,3249)  (1730,3251)  (1546,3001)  (1612,2995)  (1364,2943)  (1424,2940)  (1488,2937)  (1550,2933)  (1452,3386)  (1688,2986)  | overflowToLeft=false
8 Sea Zone  (1557,2576)  (1615,2575)  (1675,2573)  (1559,2639)  (1616,2641)  (1680,2636)  | overflowToLeft=false
9 Sea Zone  (1657,2312)  (1719,2310)  (1659,2372)  (1721,2370)  (1783,2370)  (1847,2370)  (1785,2427)  (1853,2428)  | overflowToLeft=false
10 Sea Zone  (2074,1912)  (2072,1974)  (2137,1912)  (2138,1971)  (2096,1849)  (2161,1849)  (2146,2039)  (2079,2034)  (1995,1973)  (2001,2044)  (2224,1736)  (2294,1709)  (2364,1685)  (2428,1666)  (2358,1626)  (2422,1611)  | overflowToLeft=false
11 Sea Zone  (1098,2330)  (1158,2332)  (1215,2331)  (1099,2393)  (1159,2393)  (1218,2392)  | overflowToLeft=false
12 Sea Zone  (901,3376)  (1136,3025)  (1198,3025)  (1080,3026)  (1020,3028)  (1168,3092)  (1229,3092)  (1169,3153)  (1236,3155)  (1166,3216)  (1231,3218)  (1163,3280)  (1105,3280)  (1047,3283)  (981,3283)  (921,3282)  (984,3224)  (921,3221)  (921,3166)  (983,3162)  | overflowToLeft=false
13 Sea Zone  (1409,3614)  (1459,3614)  (1508,3614)  (1319,3701)  (1371,3713)  (1250,3678)  (1515,3816)  (1458,3777)  (1435,3722)  | overflowToLeft=false
14 Sea Zone  (1752,3997)  (1812,3996)  (1759,4056)  (1822,4056)  (1759,4116)  (1823,4114)  (1545,3730)  (1669,3784)  (1673,3842)  (1698,4180)  | overflowToLeft=false
15 Sea Zone  (2060,4280)  (2002,4280)  (2002,4222)  (2064,4222)  (2128,4307)  | overflowToLeft=false
16 Sea Zone  (2149,3971)  (2202,3969)  (2267,3975)  (2324,3983)  (2441,4009)  (2383,3994)  (2388,3879)  (2194,3908)  | overflowToLeft=false
17 Sea Zone  (382,3513)  (466,3464)  (351,3314)  (413,3312)  (355,3377)  (416,3375)  | overflowToLeft=false
18 Sea Zone  (1556,2037)  (1103,1944)  (1160,1943)  (1221,1943)  (1103,2003)  (1160,2002)  (1224,2003)  (1281,1943)  (1284,2002)  (1342,1945)  (1345,2000)  (1159,2063)  (1225,2061)  (1284,2060)  (1344,2061)  (1106,2065)  | overflowToLeft=false
19 Sea Zone  (1818,1965)  (1879,1964)  (1644,1860)  (1727,1795)  (1867,1727)  (1935,1644)  (1990,1644)  (2017,1593)  (2046,1647)  (2119,1667)  (1937,1903)  (1882,1864)  (1662,1807)  (1880,1664)  (1988,1813)  | overflowToLeft=false
20 Sea Zone  (2030,1322)  (2101,1322)  (2027,1389)  (2098,1386)  (1956,1392)  (2175,1389)  | overflowToLeft=false
21 Sea Zone  (1720,1052)  (1793,1048)  (1869,1043)  (1724,1117)  (1794,1116)  (1870,1111)  (1725,1187)  (1795,1187)  (1871,1182)  | overflowToLeft=false
22 Sea Zone  (453,1621)  (513,1618)  (578,1617)  (450,1687)  (511,1685)  (576,1685)  (449,1755)  (512,1754)  (579,1752)  | overflowToLeft=false
23 Sea Zone  (312,3040)  (744,4403)  (812,4399)  (778,4466)  (844,4464)  (825,4532)  (893,4528)  (964,4528)  (897,4598)  (966,4599)  (970,4669)  (1030,4595)  (1041,4667)  (1013,4738)  | overflowToLeft=false
24 Sea Zone  (571,2639)  (628,2640)  (684,2640)  (569,2702)  (627,2702)  (686,2702)  | overflowToLeft=false
25 Sea Zone  (822,1092)  (887,1091)  (1128,744)  (1186,742)  (1246,740)  (1124,806)  (1189,804)  (1253,801)  (1126,866)  (1194,865)  (1252,865)  | overflowToLeft=false
26 Sea Zone  (314,4062)  (374,4060)  (316,4126)  (377,4124)  (377,4186)  (437,4187)  (379,4249)  (444,4245)  (377,4315)  (444,4313)  (311,4000)  (377,3997)  (308,3940)  (254,3939)  (250,3881)  (248,3819)  (250,3758)  (192,3752)  (192,3691)  (256,3694)  (259,3629)  (200,3625)  | overflowToLeft=true
27 Sea Zone  (884,4911)  (886,4973)  (827,4913)  (826,4853)  (888,4850)  (769,4853)  (826,4795)  (764,4795)  (701,4795)  (826,4733)  (763,4733)  (702,4735)  (760,4671)  (704,4672)  (644,4671)  (706,4616)  (644,4614)  (581,4615)  (646,4555)  (577,4553)  (517,4556)  (644,4497)  (580,4497)  | overflowToLeft=false
28 Sea Zone  (1814,5305)  (1510,5431)  (1572,5430)  (1639,5428)  (1511,5492)  (1570,5491)  (1639,5491)  (1705,5425)  (1707,5489)  (1768,5419)  (1770,5485)  (1709,5555)  (1779,5555)  (1638,5557)  | overflowToLeft=false
29 Sea Zone  (2221,5713)  (2280,5711)  (2160,5711)  (2159,5772)  (2223,5775)  (2292,5774)  (2351,5713)  (2357,5775)  (2158,5653)  (2225,5649)  (2417,5713)  (2419,5775)  (2295,5835)  (2362,5836)  (2428,5837)  (2090,5771)  (2093,5704)  (2089,5644)  (2289,5650)  (2801,5739)  (2865,5745)  (2939,5745)  (2802,5812)  (2873,5812)  (2940,5813)  (3006,5743)  (3012,5815)  (2803,5875)  (2877,5877)  | overflowToLeft=false
30 Sea Zone  (3996,5478)  (4066,5476)  (4137,5478)  (4209,5472)  (3990,5556)  (4065,5556)  (4142,5551)  (4219,5546)  (3991,5633)  (4069,5630)  (4143,5625)  (4219,5620)  | overflowToLeft=false
31 Sea Zone  (3565,4324)  (3631,4323)  (3564,4391)  (3630,4390)  (3564,4458)  (3631,4456)  (3501,4460)  (3693,4321)  (3597,4262)  (3659,4260)  (3863,4328)  | overflowToLeft=false
32 Sea Zone  (3216,5220)  (3278,5221)  (3339,5216)  (3216,5289)  (3274,5285)  (3338,5282)  | overflowToLeft=false
33 Sea Zone  (2531,5377)  (2442,5296)  (2519,5292)  (2436,5233)  (2506,5232)  (2584,5231)  (2592,5290)  (2603,5371)  (2654,5231)  (2661,5290)  (2674,5362)  (2727,5220)  (2738,5292)  | overflowToLeft=false
34 Sea Zone  (2490,5028)  (2556,5027)  (2622,5030)  (2620,4950)  (2627,4799)  (2547,4797)  (2624,4728)  (2331,4704)  (2266,4635)  (2211,4554)  | overflowToLeft=false
35 Sea Zone  (2851,4645)  (2914,4644)  (2985,4647)  (2849,4722)  (2917,4719)  (2986,4719)  (2849,4790)  (2919,4788)  (2990,4789)  (3217,4770)  (3288,4769)  (3203,4687)  (2950,4523)  (3024,4523)  (2950,4454)  (3022,4450)  | overflowToLeft=false
36 Sea Zone  (4264,3963)  (4324,3961)  (4266,3903)  (4328,3903)  (4226,4026)  (4287,4027)  (4292,4104)  (4367,4100)  (4292,4169)  (4368,4170)  (4296,4247)  (4222,4251)  (4224,4320)  (4299,4316)  | overflowToLeft=false
37 Sea Zone  (3666,4751)  (3730,4750)  (3797,4747)  (3670,4817)  (3729,4818)  (3795,4817)  (3670,4883)  (3731,4885)  (3798,4882)  (3669,4952)  (3734,4951)  (3800,4949)  (3669,5015)  (3732,5015)  (3802,5011)  (3664,4681)  (3732,4677)  (3794,4675)  | overflowToLeft=false
38 Sea Zone  (4427,4614)  (4486,4613)  (4439,4677)  (4381,4677)  (4320,4677)  (4265,4677)  (4209,4677)  (4549,4597)  (4607,4547)  (4667,4497)  (4716,4445)  (4765,4388)  (4818,4339)  (4867,4279)  (4915,4221)  (5015,4075)  (5113,3907)  (5144,3849)  (5181,3791)  (5201,3728)  (5074,3848)  | overflowToLeft=false
39 Sea Zone  (4608,4710)  (4668,4707)  (4608,4777)  (4672,4774)  (4611,4841)  (4670,4835)  | overflowToLeft=false
40 Sea Zone  (5380,4307)  (5449,4304)  (5380,4379)  (5454,4378)  (5519,4300)  (5524,4382)  (5374,4449)  (5455,4450)  (5363,4519)  (5441,4521)  | overflowToLeft=false
41 Sea Zone  (5751,2743)  (5810,2743)  (5749,2681)  (5807,2679)  (5753,2621)  (5813,2618)  (5743,2561)  (5802,2557)  (5743,2500)  (5805,2493)  (5736,2441)  (5801,2432)  (5681,2443)  (5685,2505)  (5683,2565)  (5689,2625)  (5689,2687)  (5691,2747)  (5683,2377)  (5738,2373)  (5802,2367)  | overflowToLeft=false
42 Sea Zone  (5189,1969)  (5192,2029)  (5256,2031)  (5316,2031)  (5378,2031)  (5377,1971)  (5315,2093)  (5382,2091)  (5314,2153)  (5382,2154)  (5253,2155)  (5189,2157)  (5186,2217)  (5250,2215)  (5314,2212)  (5012,1828)  (5069,1857)  (5049,1924)  (5120,1961)  (5445,2087)  (5448,2156)  | overflowToLeft=false
43 Sea Zone  (4975,1612)  (5040,1610)  (4984,1682)  (5052,1676)  (4977,1238)  (5047,1237)  (4974,1310)  (5054,1312)  (4905,1310)  (4916,1384)  (4826,1358)  (4846,1431)  | overflowToLeft=false
44 Sea Zone  (4744,740)  (4807,741)  (4745,800)  (4806,801)  (4741,876)  (4814,873)  (4875,804)  (4951,800)  (4880,866)  (4947,866)  | overflowToLeft=false
45 Sea Zone  (4060,1081)  (4124,1080)  (4188,1078)  (4062,1150)  (4128,1144)  (4195,1144)  (4128,1212)  (4192,1211)  | overflowToLeft=false
46 Sea Zone  (4789,2030)  (4804,2096)  (4822,2170)  (4953,1980)  (4973,2048)  (4981,2126)  (4909,1903)  (4899,1826)  (4880,2400)  (4959,2408)  (4887,2476)  (4964,2484)  | overflowToLeft=false
47 Sea Zone  (5357,2621)  (5420,2620)  (5356,2685)  (5422,2687)  (5357,2751)  (5426,2747)  (5355,2553)  (5419,2549)  (5349,2489)  (5413,2483)  (5486,2481)  (5489,2549)  (5490,2622)  (5492,2690)  (5491,2749)  (5344,2424)  (5417,2420)  (5334,2362)  (5411,2356)  | overflowToLeft=false
48 Sea Zone  (5107,3444)  (5105,3512)  (5145,3362)  (5101,3290)  (5187,3284)  (5211,3196)  (5012,3484)  | overflowToLeft=false
49 Sea Zone  (4621,3914)  (4687,4029)  (4765,4040)  (4904,3811)  (4794,3710)  (4845,3556)  (4951,3742)  | overflowToLeft=false
50 Sea Zone  (4663,3407)  (4726,3405)  (4663,3466)  (4726,3465)  (4604,3525)  (4663,3523)  | overflowToLeft=false
51 Sea Zone  (4661,2300)  (4599,2279)  (4671,2218)  (4729,2254)  (4505,2021)  (4524,1942)  (4593,1958)  (4761,2406)  (4882,2627)  (4881,2693)  | overflowToLeft=false
52 Sea Zone  (4330,2091)  (4400,2093)  (4348,2170)  (4426,2167)  (4441,2243)  (4450,2558)  (4521,2559)  (4448,2635)  (4528,2635)  | overflowToLeft=false
53 Sea Zone  (4023,1548)  (4091,1548)  (4021,1618)  (4094,1618)  (4170,1546)  (4171,1618)  (4094,1684)  (4173,1684)  (4246,1681)  (4098,1753)  (4177,1753)  (4256,1754)  (4182,1819)  (4260,1816)  (4224,1889)  (4294,1888)  (4338,1810)  (4368,1879)  | overflowToLeft=false
54 Sea Zone  (3131,1007)  (3197,1006)  (3272,1007)  (3129,1080)  (3196,1080)  (3272,1077)  (3128,1151)  (3198,1152)  (3272,1151)  (3348,1006)  (3346,1081)  (3344,1148)  | overflowToLeft=false
55 Sea Zone  (2637,1240)  (2703,1239)  (2773,1236)  (2635,1311)  (2706,1309)  (2781,1308)  (2631,1389)  (2710,1383)  (2785,1383)  | overflowToLeft=false
56 Sea Zone  (3153,1749)  (3215,1745)  (3145,1682)  (3213,1681)  (3141,1619)  (3211,1617)  (3135,1549)  (3204,1543)  (3129,1487)  (3199,1479)  (3127,1411)  (3193,1407)  (3273,1405)  (3274,1473)  (3284,1541)  (3288,1617)  (3355,1475)  (3359,1551)  (3365,1620)  (3425,1464)  (3429,1545)  (3436,1619)  | overflowToLeft=false
57 Sea Zone  (4023,2117)  (4094,2115)  (4166,2112)  (4017,2183)  (4092,2179)  (4166,2174)  (4019,2251)  (4096,2247)  (4164,2246)  (4101,2320)  (4172,2315)  (4235,2245)  (4238,2309)  | overflowToLeft=false
58 Sea Zone  (3840,2431)  (3906,2432)  (3839,2498)  (3908,2496)  (3839,2558)  (3911,2555)  | overflowToLeft=false
59 Sea Zone  (4099,2481)  (4170,2476)  (4240,2473)  (4101,2547)  (4178,2547)  (4250,2544)  (4105,2616)  (4180,2614)  (4248,2611)  (4098,2679)  (4181,2674)  (4255,2674)  | overflowToLeft=false
60 Sea Zone  (4530,3063)  (4593,3061)  (4531,3129)  (4596,3128)  (4426,3384)  (4491,3381)  (4429,3452)  (4495,3450)  | overflowToLeft=false
61 Sea Zone  (4175,3453)  (4228,3444)  (4202,3669)  (4154,3720)  (3978,3405)  (4330,3491)  | overflowToLeft=false
62 Sea Zone  (3948,2919)  (3979,2976)  (4005,3035)  (4009,3098)  (4009,3162)  (3882,2881)  (3814,2844)  (3998,2757)  (4068,2755)  (4138,2758)  (4146,2819)  (4224,2820)  (4212,2756)  (4122,3361)  | overflowToLeft=false
63 Sea Zone  (3610,2669)  (3677,2662)  (3612,2728)  (3682,2718)  (3600,2501)  (3666,2492)  | overflowToLeft=false
64 Sea Zone  (3833,2280)  (3832,2227)  (3778,2222)  (3808,2164)  (3780,2101)  (3719,2095)  (3717,2037)  (3663,2005)  (3599,1995)  (3646,2361)  | overflowToLeft=false
65 Sea Zone  (3361,1871)  (3422,1870)  (3488,1868)  (3360,1937)  (3429,1940)  (3494,1931)  (3356,2004)  (3430,2001)  (3355,2070)  (3287,2002)  (3288,2067)  | overflowToLeft=false
66 Sea Zone  (5470,1372)  (5529,1369)  (5587,1369)  (5471,1438)  (5538,1435)  (5395,1372)  (5393,1441)  (5393,1519)  (5468,1504)  | overflowToLeft=false
67 Sea Zone  (3730,237)  (3792,234)  (3856,233)  (3731,299)  (3790,299)  (3855,299)  (3731,363)  (3789,360)  (3854,360)  (3728,421)  (3791,421)  (3856,422)  | overflowToLeft=false
68 Sea Zone  (3132,128)  (3193,128)  (3253,125)  (3132,186)  (3192,184)  (3255,184)  (3135,248)  (3193,249)  (3259,242)  (3136,312)  (3200,310)  (3261,307)  | overflowToLeft=false
69 Sea Zone  (2361,538)  (2417,536)  (2474,532)  (2364,595)  (2420,597)  (2478,592)  (2365,656)  (2419,656)  (2481,655)  | overflowToLeft=false
70 Sea Zone  (2642,4067)  (2664,3853)  (2614,3905)  (2641,3960)  (2660,4014)  | overflowToLeft=false
Aden  (2456,4759)  (2666,4613)  (2520,4704)  (2573,4661)  (2612,4606)  | overflowToLeft=true
Afghanistan  (3005,4064)  (2921,4139)  (2980,4170)  (3061,4015)  (2993,4116)  | overflowToLeft=false
Alaska  (3308,2161)  (3296,2249)  (3173,2214)  (3161,2345)  (3140,2281)  (3200,2281)  | overflowToLeft=false
Aleutian Islands  (3652,2150)  (3592,2076)  | overflowToLeft=false
Algeria Tunisia  (1261,3720)  (1256,3788)  (1321,3788)  (1406,3862)  (1381,3929)  (1292,3949)  (1219,3949)  (1152,3950)  (1153,3883)  (1155,3820)  (1085,3818)  (1091,3880)  (1237,3872)  (1315,3873)  (1332,4014)  (1486,3891)  (1449,3961)  | overflowToLeft=false
American Convoy Zone  (776,483)  (727,483)  | overflowToLeft=false
Anglo-Egyptian Sudan  (1824,4553)  (2093,4614)  (1964,4816)  (1826,4613)  (2093,4673)  (1910,4553)  (1976,4553)  (1882,4757)  (1746,4573)  (1837,4685)  (1907,4617)  (1982,4613)  (1906,4687)  (1986,4688)  (1964,4753)  | overflowToLeft=false
Angola  (1188,4769)  (1319,4952)  (1364,4884)  (1125,4836)  (1206,4837)  (1280,4844)  (1226,4904)  | overflowToLeft=false
Archangel  (2622,3270)  (2639,3182)  (2493,3367)  (2652,3226)  (2726,3144)  (2824,3125)  (2500,3310)  (2564,3299)  (2601,3205)  (2702,3196)  | overflowToLeft=false
Argentina Chile  (1016,1140)  (1220,1076)  (1015,951)  (1015,951)  (1192,1275)  (1130,1285)  (1069,1283)  (1063,1047)  (1121,1091)  (1080,1147)  (1150,1151)  (1221,1211)  (1025,1205)  (1174,1395)  (1047,1371)  (1296,1214)  (1076,989)  (968,1235)  (1124,1341)  (1193,1335)  (1086,1219)  (1144,1222)  | overflowToLeft=false
Azores  (1203,2601)  (1248,2648)  | overflowToLeft=false
Belgian Congo  (1392,4713)  (1466,4714)  (1723,4791)  (1725,4860)  (1543,4919)  (1604,4920)  (1466,4786)  (1315,4714)  (1460,4647)  (1797,4834)  (1641,4722)  (1550,4716)  (1477,4852)  (1556,4820)  (1691,4952)  (1629,4820)  | overflowToLeft=false
Bermuda Islands  (1762,2266)  (1826,2180)  (1808,2217)  | overflowToLeft=false
Borneo Celebes  (4942,3660)  (4468,3989)  (4549,4171)  (4600,4073)  (4565,4014)  (4540,4234)  (4468,4257)  (4492,4114)  (4507,4044)  (4508,3934)  (4483,4183)  (4634,4128)  | overflowToLeft=false
Brazil  (782,1891)  (1160,1834)  (1142,1591)  (1142,1591)  (1149,1699)  (889,1614)  (948,1614)  (891,1673)  (949,1671)  (1294,1627)  (1352,1627)  (1407,1627)  (892,1738)  (951,1741)  (890,1805)  (953,1802)  (1292,1692)  (1356,1691)  (1288,1563)  (1359,1560)  (1420,1557)  (1491,1557)  (1485,1623)  (1458,1687)  (1499,1491)  (1140,1526)  (919,1541)  (992,1541)  (1063,1533)  (950,1476)  (1016,1475)  (1086,1473)  (940,1407)  (943,1344)  (1016,1603)  (1078,1603)  (1028,1741)  (1094,1731)  (1025,1805)  (1088,1799)  (1172,1769)  (1239,1781)  (1240,1711)  (1228,1633)  (1223,1568)  (1141,1645)  (889,1867)  | overflowToLeft=false
British Convoy Zone  (472,782)  (424,782)  | overflowToLeft=false
British East Africa  (2149,5063)  (2009,5113)  (1812,5006)  (1867,4988)  (2063,5064)  (2125,5022)  (2132,4955)  (2200,4992)  (1905,4897)  (2006,5051)  (1937,5030)  (1933,5096)  (2058,5000)  | overflowToLeft=false
British West Africa  (450,3749)  (803,4013)  (740,4047)  (794,4078)  (501,3768)  (848,4065)  | overflowToLeft=false
Nigeria  (930,4211)  (1019,4266)  (1176,4337)  (1249,4343)  (1088,4228)  (1021,4199)  | overflowToLeft=false
British West Indies  (1496,1873)  (1371,1779)  | overflowToLeft=false
Burma  (3812,4236)  (3777,4202)  (3716,4070)  (3789,4085)  (3719,4137)  (3782,4137)  | overflowToLeft=false
Buryatia  (3479,3163)  (3537,2992)  (3519,3060)  (3484,3126)  (3473,3255)  (3469,3190)  | overflowToLeft=false
Canary Islands  (563,3362)  (600,3403)  | overflowToLeft=false
Cape Verde Islands  (588,2863)  (536,2905)  | overflowToLeft=false
Caroline Islands  (4645,2503)  (4693,2536)  | overflowToLeft=false
Caucasus  (7092,2062)  (2518,3888)  (2599,3774)  (2599,3774)  (2463,3878)  (2553,3946)  (2589,3998)  (2536,3997)  (2555,4051)  (2475,3946)  (2578,3826)  | overflowToLeft=false
Central America  (1906,1593)  (1940,1582)  (1962,1524)  (2206,1532)  (2127,1590)  (2099,1528)  (2027,1511)  | overflowToLeft=false
Central United States  (2629,1744)  (2350,1747)  (2701,1846)  (2701,1846)  (2516,1757)  (2519,1820)  (2452,1758)  (2455,1822)  (2523,1889)  (2535,1690)  (2592,1927)  (2654,1925)  (2717,1921)  (2781,1913)  (2781,1851)  (2840,1912)  (2728,1790)  (2728,1730)  (2673,1688)  (2600,1689)  (2583,1870)  (2574,1812)  (2637,1806)  (2639,1864)  | overflowToLeft=false
Ceylon  (3513,4629)  (3471,4653)  (3489,4702)  | overflowToLeft=false
Chinese Convoy Zone  (5018,5737)  (5063,5737)  | overflowToLeft=false
Chosen  (3925,3255)  (4040,3248)  (3920,3199)  | overflowToLeft=false
Colombia Ecuador  (1661,1632)  (1806,1641)  (1761,1539)  (1793,1424)  (1679,1555)  (1817,1583)  | overflowToLeft=false
Venezuela  (1539,1783)  (1693,1719)  (1583,1695)  (1639,1734)  (1588,1749)  (1529,1729)  | overflowToLeft=true
Commonwealth Convoy Zone  (1122,182)  (1075,182)  | overflowToLeft=false
Denmark  (2021,3304)  (1977,3216)  | overflowToLeft=false
Dutch East Indies  (4673,4327)  (3891,4525)  (4339,4525)  (4395,4504)  (4529,4461)  (4589,4400)  (4651,4349)  (4838,4189)  (4925,4063)  (5017,3946)  (4011,4539)  (4075,4545)  (4143,4547)  (4199,4541)  (4258,4536)  | overflowToLeft=false
Eastern Australia  (6572,4582)  (5802,2921)  (5905,3237)  (5445,3028)  (5727,2986)  (5727,2986)  (5663,2986)  (5743,3156)  (5803,3155)  (5863,3154)  (5742,3218)  (5802,3218)  (5683,3217)  (5621,3218)  (5562,3218)  (5619,3160)  (5561,3160)  (5560,3100)  (5559,3042)  (5501,3098)  (5503,3160)  (5560,3280)  (5727,2928)  (5661,2925)  (5802,3276)  (5801,3096)  (5858,3094)  | overflowToLeft=false
Eastern Canada  (7093,4583)  (2142,2178)  (2093,2343)  (2366,2083)  (2366,2083)  (2483,2083)  (2542,2081)  (2392,2251)  (2466,2263)  (2422,2080)  (2293,2205)  (2293,2286)  (2405,2185)  (2143,2293)  | overflowToLeft=false
Eastern United States  (7092,3502)  (2336,1830)  (2187,1963)  (2214,2035)  (2387,1964)  (2387,1964)  (2287,1950)  (2212,2134)  (2220,2084)  (2263,2038)  (2163,1792)  (2212,1809)  (2261,1816)  (2403,1902)  (2473,1965)  (2237,1957)  (2237,1906)  (2286,1898)  (2341,1888)  (2339,1941)  | overflowToLeft=false
Egypt  (7092,2783)  (2051,4341)  (2103,4439)  (1900,4332)  (1864,4394)  (2038,4421)  (2043,4482)  (1980,4466)  (1896,4446)  (1978,4398)  (1920,4389)  | overflowToLeft=false
Evenkia  (3180,3127)  (3209,3254)  (3236,3313)  (3272,3131)  (3074,2970)  (3141,2977)  (3088,3037)  (3155,3043)  (3076,3162)  (3112,3231)  (3215,3184)  (3156,3106)  (3145,3170)  | overflowToLeft=false
Fiji Islands  (5163,1606)  (5206,1543)  | overflowToLeft=false
Finland  (2393,3142)  (2416,3208)  (2323,3218)  (2438,3098)  (2456,3045)  (2470,2984)  (2336,3165)  | overflowToLeft=false
Formosa  (4197,3588)  (4235,3510)  (4254,3550)  | overflowToLeft=false
France  (6574,1702)  (1737,3402)  (1539,3327)  (1527,3259)  (1706,3319)  (1706,3319)  (1645,3384)  (1563,3386)  (1510,3423)  (1573,3313)  (1742,3461)  (1679,3436)  (1641,3324)  | overflowToLeft=false
French Convoy Zone  (464,5273)  (418,5274)  | overflowToLeft=false
French Equatorial Africa  (1215,4475)  (1275,4475)  (1216,4541)  (1279,4541)  (1135,4509)  (1575,4426)  (1578,4495)  (1579,4565)  (1639,4619)  (1543,4359)  (1469,4354)  (1367,4431)  (1444,4429)  (1362,4505)  (1439,4503)  | overflowToLeft=false
French Indo-China  (4186,4108)  (4098,4047)  (4132,4105)  (4118,4160)  (3980,4009)  (3941,3942)  (3905,4002)  | overflowToLeft=false
French West Africa  (496,3578)  (867,3865)  (937,3866)  (869,3942)  (943,3941)  (943,4019)  (611,3705)  (678,3704)  (749,3706)  (653,3928)  (714,3926)  (1148,4101)  (1218,4100)  (1187,4171)  (1263,4172)  (1335,4173)  (1320,4251)  (1389,4249)  (923,4103)  (1020,4083)  (1019,4009)  (933,3786)  (851,3782)  (841,3711)  (654,3641)  | overflowToLeft=false
French West Indies  (1551,1936)  (1310,1826)  | overflowToLeft=true
Fukien  (3961,3687)  (3974,3752)  (3965,3821)  (4083,3495)  (4082,3555)  (4081,3623)  (4014,3630)  | overflowToLeft=false
German Convoy Zone  (762,5573)  (714,5574)  | overflowToLeft=false
Germany  (6572,1342)  (1801,3434)  (1954,3301)  (1978,3361)  (1978,3361)  (1928,3435)  (1872,3518)  (1821,3517)  (1941,3501)  (1844,3379)  (2027,3403)  (1890,3593)  (1944,3553)  (1998,3516)  (1977,3435)  (1865,3439)  (1900,3324)  (1907,3379)  | overflowToLeft=false
Gibraltar  (1002,3500)  (1070,3522)  (1048,3576)  | overflowToLeft=false
Greater Antilles  (1958,1758)  (2008,1729)  (2092,1709)  (1864,1783)  | overflowToLeft=false
Greece  (1932,3958)  (1928,4060)  (1874,4141)  (1883,4049)  (1935,4024)  (1975,3949)  (1889,4142)  (1901,3974)  | overflowToLeft=false
Greenland  (2303,2454)  (2463,2550)  (2405,2496)  (2601,2639)  (2663,2652)  (2658,2599)  (2456,2601)  (2515,2553)  (2348,2467)  (2585,2580)  (2521,2619)  | overflowToLeft=false
Hainan  (4176,3885)  (4106,3901)  (4104,3930)  | overflowToLeft=false
Hawaiian Islands  (7092,4223)  (3790,1472)  (3744,1375)  (3825,1534)  (3750,1309)  | overflowToLeft=false
Holland Belgium  (1778,3390)  (1793,3339)  (1855,3292)  (1808,3292)  | overflowToLeft=false
Honan  (3789,3517)  (3793,3635)  (3869,3623)  (3927,3608)  (3757,3569)  (3760,3463)  (3863,3537)  (3815,3581)  | overflowToLeft=false
Hungary Slovakia  (1978,3649)  (2066,3687)  (2101,3740)  (2011,3674)  (2003,3622)  (1949,3664)  | overflowToLeft=false
Iceland  (2205,2644)  (2254,2669)  | overflowToLeft=false
India  (7093,3142)  (3127,4441)  (3373,4580)  (3288,4359)  (3288,4359)  (3228,4359)  (3228,4422)  (3288,4422)  (3258,4486)  (3101,4190)  (3162,4191)  (3370,4177)  (3430,4174)  (3495,4172)  (3372,4240)  (3435,4237)  (3104,4256)  (3162,4253)  (3012,4252)  (3010,4312)  (3259,4554)  (3321,4552)  (3307,4627)  (3366,4350)  (3365,4404)  (3153,3987)  (3152,4052)  (3147,4112)  (3235,4172)  (3294,4170)  (3236,4235)  (3296,4233)  (3230,4297)  (3289,4296)  (3357,4294)  (3162,4364)  (3165,4423)  | overflowToLeft=false
Inner Mongolia  (3676,3490)  (3611,3559)  (3673,3564)  (3680,3422)  (3693,3348)  | overflowToLeft=false
Iran  (2850,4255)  (2860,4313)  (2754,4122)  (2816,4122)  (2606,4166)  (2617,4226)  (2714,4283)  (2693,4206)  (2760,4204)  (2831,4187)  (2779,4275)  | overflowToLeft=false
Iraq  (2569,4268)  (2498,4194)  (2502,4330)  (2436,4308)  (2499,4260)  | overflowToLeft=false
Ireland  (1670,2847)  (1609,2884)  (1664,2898)  (1721,2822)  | overflowToLeft=false
Italian Convoy Zone  (1111,5873)  (1064,5873)  | overflowToLeft=false
Italian East Africa  (2230,4695)  (2284,4895)  (2187,4737)  (2350,4896)  (2272,4783)  (2106,4809)  (2355,4965)  (2433,4947)  (2429,4878)  (2507,4898)  (2194,4816)  (2203,4877)  | overflowToLeft=false
Italy  (6572,2423)  (1753,3670)  (1701,3630)  (1810,3878)  (1688,3568)  (1688,3568)  (1816,3606)  (1780,3810)  (1736,3731)  (1766,3857)  (1652,3906)  (1619,3727)  (1678,3953)  (1596,3772)  (1759,3911)  (1755,3607)  | overflowToLeft=false
Japan  (6572,3503)  (4140,2959)  (4133,3130)  (4151,2912)  (3897,2773)  (3897,2773)  (3999,2821)  (4083,2879)  (4146,3017)  (4122,3073)  (4174,3133)  (4159,3223)  (3796,2759)  | overflowToLeft=false
Japanese Convoy Zone  (5369,5419)  (5416,5419)  | overflowToLeft=false
Kamchatka  (3426,2506)  (3699,2581)  (3508,2769)  (3493,2705)  (3460,2649)  (3436,2591)  (3546,2846)  (3570,2907)  (3618,2577)  (3372,2567)  (3374,2478)  (3319,2493)  (3324,2427)  | overflowToLeft=false
Karelia  (7092,1702)  (2523,3173)  (2383,3291)  (2583,2975)  (2483,3255)  (2483,3255)  (2509,3122)  (2524,3068)  (2532,3017)  (2582,3026)  (2620,3072)  | overflowToLeft=false
Kharkov Crimea  (2437,3734)  (2255,3925)  (2319,3853)  (2314,3914)  (2447,3793)  | overflowToLeft=false
Kiangsu  (6572,3863)  (3822,3446)  (3953,3483)  (3953,3483)  (3980,3537)  (3902,3413)  (3819,3380)  (3908,3359)  (4016,3466)  (3889,3466)  | overflowToLeft=false
Kursk  (2436,3643)  (2532,3773)  (2519,3722)  (2509,3672)  (2459,3697)  (2468,3621)  | overflowToLeft=false
Kwangtung  (6571,3143)  (4082,3765)  (4110,3681)  (4049,3729)  | overflowToLeft=false
Lake  (2831,3888)  (1950,4949)  (2468,2022)  (5690,3409)  (1423,1370)  | overflowToLeft=false
Liberia  (485,3824)  (524,3838)  | overflowToLeft=false
Libya  (1550,4052)  (1739,4281)  (1801,4281)  (1747,4348)  (1681,4349)  (1719,4411)  (1453,4092)  (1513,4094)  (1504,4161)  (1663,4279)  (1573,4229)  | overflowToLeft=false
Madagascar  (2277,5495)  (2426,5397)  (2066,5519)  (2128,5517)  (2362,5421)  (2184,5469)  (2240,5466)  | overflowToLeft=false
Malaya  (6572,2782)  (4203,4416)  (4082,4424)  (4120,4345)  (4163,4399)  | overflowToLeft=false
Malta  (1609,4017)  (1657,4072)  (1659,4033)  | overflowToLeft=false
Manchukuo  (3762,3131)  (3881,3297)  (3838,3229)  (3838,3229)  (3768,3244)  (3647,3113)  (3794,3097)  (3796,3303)  (3664,3202)  (3725,3121)  (3751,3183)  (3819,3163)  | overflowToLeft=false
Mexico  (2605,1526)  (2266,1619)  (2266,1619)  (2547,1509)  (2487,1508)  (2525,1564)  (2663,1595)  (2721,1595)  (2777,1617)  (2423,1499)  (2327,1507)  (2676,1538)  (2830,1615)  (2827,1546)  (2603,1587)  | overflowToLeft=false
Midway Island  (3834,1920)  (3899,1937)  | overflowToLeft=false
Morocco  (986,3650)  (1147,3737)  (1040,3650)  (1084,3713)  (1136,3680)  | overflowToLeft=false
Casablanca  (1103,3627)  | overflowToLeft=false
Mozambique  (1745,5233)  (1889,5169)  (1645,5248)  (1949,5178)  (1731,5194)  | overflowToLeft=false
Nenetsia  (2915,3213)  (2808,3246)  (2964,3327)  (3048,3327)  (2973,3253)  (2764,3310)  (2885,3209)  (2886,3271)  | overflowToLeft=false
New Caledonia  (5353,1863)  (5307,1779)  (5302,1833)  | overflowToLeft=false
New Guinea  (5013,3204)  (5121,3104)  (5041,3075)  (5046,3005)  (5064,2939)  (5097,2865)  (5017,3260)  (4957,3349)  (4927,3405)  (5023,3143)  (5077,3159)  | overflowToLeft=false
Rabaul  (5052,2638)  | overflowToLeft=false
New Zealand  (5327,1248)  (5380,1209)  (5388,1149)  (5655,1211)  (5593,1193)  (5537,1184)  (5478,1177)  | overflowToLeft=false
Northern Ireland  (1761,2867)  (1730,2890)  | overflowToLeft=false
Norway  (2106,3051)  (2005,3067)  (2336,2921)  (2022,3124)  (2164,3031)  (2217,2988)  (2272,2952)  (2398,2887)  (2460,2886)  (2518,2882)  (2096,3117)  | overflowToLeft=false
Ostland  (2274,3495)  (2309,3555)  (2315,3476)  (2225,3542)  (2216,3476)  (2304,3328)  (2284,3388)  (2222,3398)  (2267,3445)  | overflowToLeft=false
Outer Mongolia  (3467,3446)  (3353,3515)  (3571,3406)  (3613,3310)  (3535,3515)  (3479,3513)  (3342,3430)  (3518,3408)  (3419,3542)  (3408,3434)  (3297,3491)  (3586,3462)  (3524,3460)  (3411,3490)  | overflowToLeft=false
Papua  (5194,2814)  (5117,2990)  (5182,2753)  (5147,2865)  (5121,2923)  (5136,3026)  | overflowToLeft=false
Peru Bolivia  (1533,1363)  (1685,1389)  (1688,1449)  (1306,1353)  (1257,1437)  (1320,1443)  (1386,1440)  (1369,1367)  (1479,1363)  (1640,1487)  (1254,1381)  | overflowToLeft=false
Philippine Islands  (6573,4223)  (4418,3699)  (4625,3660)  (4625,3604)  (4348,3636)  | overflowToLeft=false
Phoenix Islands  (4374,1446)  (4429,1481)  | overflowToLeft=false
Poland  (6573,2062)  (2093,3543)  (2122,3406)  (2049,3463)  (2049,3463)  (2140,3665)  (2124,3616)  (2139,3540)  (2116,3475)  (2074,3581)  (2070,3505)  | overflowToLeft=false
Portugal  (1299,3418)  (1164,3431)  (1155,3483)  (1225,3417)  (1195,3452)  (1259,3383)  | overflowToLeft=true
Rhodesia  (1630,5164)  (1504,5019)  (1734,5069)  (1790,5093)  (1564,5055)  (1528,5114)  (1585,5112)  | overflowToLeft=false
Rio de Oro  (723,3574)  (780,3592)  (842,3597)  (895,3622)  (914,3672)  | overflowToLeft=true
Romania Bulgaria  (2178,3803)  (2162,3876)  (2071,3823)  (2237,3789)  (2183,3746)  (2035,3767)  (2018,3858)  (2100,3887)  (2046,3911)  (2127,3827)  | overflowToLeft=false
Russia  (7094,1342)  (2651,3491)  (2562,3448)  (2562,3448)  (2587,3388)  (2570,3582)  (2627,3580)  (2598,3638)  (2659,3638)  (2755,3488)  (2813,3487)  (2770,3430)  (2688,3578)  (2748,3578)  (2804,3576)  (2722,3637)  (2782,3636)  (2615,3699)  (2658,3358)  (2519,3516)  (2580,3513)  (2638,3432)  (2703,3426)  | overflowToLeft=false
Ryukyu Islands  (4457,3194)  (4396,3219)  (4414,3271)  | overflowToLeft=false
Samoan Islands  (4748,980)  (4709,1018)  | overflowToLeft=false
Saudi Arabia  (2378,4553)  (2572,4499)  (2440,4421)  (2377,4421)  (2374,4485)  (2317,4485)  (2446,4588)  (2518,4589)  (2584,4557)  (2644,4521)  (2711,4511)  (2506,4420)  (2573,4445)  (2594,4391)  (2819,4452)  (2788,4537)  (2708,4435)  (2473,4653)  (2422,4698)  (2384,4610)  (2328,4551)  (2432,4484)  (2502,4485)  (2439,4535)  (2504,4536)  | overflowToLeft=false
Siberia  (3051,3440)  (3156,3503)  (3156,3503)  (2979,3490)  (2856,3369)  (2911,3431)  (3169,3391)  (3062,3488)  (3018,3427)  | overflowToLeft=false
Sinkiang  (3247,3787)  (3203,3861)  (3268,3861)  (3372,3795)  (3294,3599)  (3366,3621)  (3271,3671)  (3370,3688)  (3252,3729)  (3317,3732)  (3311,3796)  | overflowToLeft=false
Smolensk  (2386,3406)  (2415,3499)  (2419,3557)  (2367,3378)  (2374,3434)  (2426,3434)  | overflowToLeft=false
Society Islands  (4132,764)  (4188,792)  | overflowToLeft=false
Solomon Islands  (4945,2244)  (5014,2284)  | overflowToLeft=false
Southern France  (1572,3463)  (1596,3615)  (1652,3522)  (1652,3522)  (1615,3575)  (1605,3445)  (1518,3510)  (1588,3512)  | overflowToLeft=false
Soviet Convoy Zone  (5620,5102)  (5667,5102)  | overflowToLeft=false
Soviet Far East  (3725,2935)  (3888,3124)  (3696,2860)  (3793,2941)  (3793,2941)  (3847,2984)  (3868,3047)  (3637,3018)  (3566,3184)  (3545,3248)  (3701,2960)  (3698,3015)  (3757,3013)  | overflowToLeft=false
Spain  (1336,3482)  (1320,3648)  (1170,3568)  (1311,3352)  (1311,3352)  (1264,3558)  (1332,3568)  (1396,3534)  (1395,3480)  (1348,3420)  (1258,3496)  (1451,3532)  (1208,3536)  | overflowToLeft=false
Sweden  (2264,3064)  (2075,3326)  (2189,3138)  (2167,3201)  (2077,3285)  (2383,2979)  (2329,3015)  (2274,3055)  (2217,3083)  | overflowToLeft=false
Switzerland  (1722,3544)  (1729,3486)  (1763,3536)  | overflowToLeft=false
Syria  (2234,4269)  (2288,4291)  (2392,4199)  (2370,4257)  (2286,4234)  (2339,4207)  | overflowToLeft=false
Szechuan  (3784,3742)  (3659,3843)  (3593,3891)  (3763,3851)  (3725,3763)  (3814,3684)  (3712,3833)  | overflowToLeft=false
Tangier  (1193,3668)  | overflowToLeft=false
Thailand  (3966,4099)  (4025,4101)  (3984,4183)  (3865,4121)  (3907,4180)  (4022,4363)  (3926,4124)  | overflowToLeft=false
Tibet  (3407,3908)  (3334,3941)  (3271,4002)  (3329,4006)  (3459,3991)  (3473,3931)  (3526,3972)  (3394,4024)  (3396,3964)  | overflowToLeft=false
Trans-Jordan  (2161,4384)  (2158,4432)  (2215,4391)  (2218,4335)  (2267,4377)  | overflowToLeft=false
Tsinghai  (3497,3772)  (3555,3818)  (3513,3659)  (3699,3677)  (3623,3682)  (3621,3751)  (3493,3837)  (3561,3727)  | overflowToLeft=false
Turkestan  (3024,3657)  (2790,3767)  (2852,3767)  (2914,3765)  (2936,3611)  (2998,3611)  (3060,3612)  (3174,3606)  (3116,3771)  (3024,3846)  (2962,3850)  (2896,3848)  (2720,3768)  (2920,3690)  (2983,3768)  (3050,3770)  (2990,3689)  (3055,3690)  (3132,3682)  (2895,3928)  (2961,3925)  (2758,3844)  (2770,3950)  (2771,4020)  (2840,4018)  (2910,4017)  (3028,3916)  | overflowToLeft=false
Turkey  (2248,4056)  (2140,4020)  (2030,4065)  (2333,4088)  (2333,4088)  (2090,4089)  (2150,4089)  (2477,4097)  (2420,4100)  (2312,4145)  (2154,4142)  (2368,4136)  (2193,4032)  (2091,4033)  (2254,4151)  (2208,4104)  | overflowToLeft=false
Ukraine  (2299,3658)  (2233,3633)  (2233,3633)  (2344,3715)  (2380,3766)  (2321,3767)  (2375,3649)  (2194,3603)  (2238,3686)  (2290,3715)  (2286,3631)  | overflowToLeft=false
Union of South Africa  (1065,5239)  (1452,5320)  (1372,5272)  (1372,5272)  (1440,5272)  (1512,5222)  (1296,5126)  (1162,5089)  (1085,4929)  (1406,5067)  (1177,4987)  (1080,5014)  (1280,5048)  (1411,5136)  (1357,5203)  (1432,5204)  (1204,5198)  (1276,5199)  (1279,5270)  | overflowToLeft=false
United Kingdom  (7093,2422)  (1752,3050)  (1879,2938)  (1694,3161)  (1981,2862)  (1809,3010)  (1809,3010)  (1927,2904)  (1801,3139)  (1838,2974)  (1696,3118)  (1932,2843)  (2059,2846)  (1640,3089)  (1809,3061)  (1877,2881)  (1828,2920)  (1698,3056)  (1748,3168)  (1748,3114)  | overflowToLeft=false
Volcano Islands  (4430,2798)  (4395,2834)  | overflowToLeft=false
Wake Island  (4519,2430)  (4479,2375)  | overflowToLeft=false
Western Australia  (5598,4102)  (5325,3527)  (5462,3798)  (5484,3919)  (5554,3917)  (5480,3995)  (5547,3993)  (5428,3429)  (5496,3427)  (5420,3501)  (5490,3504)  (5626,3470)  (5627,3533)  (5625,3604)  (5474,4070)  (5546,4067)  (5426,3603)  (5488,3600)  (5624,3669)  (5690,3342)  (5417,3687)  (5484,3685)  (5551,3750)  (5625,3748)  (5546,3825)  (5613,3826)  | overflowToLeft=false
Western Canada  (3026,1944)  (2803,2118)  (2994,2005)  (2994,2070)  (2996,2143)  (3070,2166)  (3019,2224)  (2722,2120)  (2722,2185)  (2801,2185)  (2732,2009)  (2808,2009)  (2894,2003)  (2898,2070)  (2896,2143)  | overflowToLeft=false
Western United States  (7093,3863)  (2899,1720)  (3019,1910)  (2957,1665)  (2860,1822)  (2860,1822)  (2987,1723)  (2807,1681)  (2827,1734)  (2815,1786)  (2925,1856)  (2973,1856)  (3022,1855)  (2964,1909)  (2971,1807)  (3019,1808)  (2865,1773)  (2921,1767)  | overflowToLeft=false
Yakutia  (3384,2922)  (3375,3043)  (3305,2843)  (3359,2746)  (3395,2839)  (3351,2668)  (3343,3234)  (3345,3300)  (3450,2918)  (3249,2927)  (3320,2925)  (3385,2924)  (3297,2988)  (3379,2983)  (3389,3111)  | overflowToLeft=false
Yugoslavia Albania  (1908,3711)  (1854,3759)  (1960,3816)  (1906,3817)  (1879,3668)  (1932,3875)  (1888,3754)  (1946,3753)  | overflowToLeft=false
Yunnan  (3841,3849)  (3882,3788)  (3791,3995)  (3761,3922)  (3827,3925)  | overflowToLeft=false
Chuya Highway  (3283,3522)  | overflowToLeft=false
Gotthard Tunnel  (1778,3589)  | overflowToLeft=false
Nathu La Pass  (3494,4071)  | overflowToLeft=false
Wakhan Corridor  (3170,3955)  | overflowToLeft=false